–200
–195
–190
–185
–180
–175
–170
–165
–160
–155
–150
–145
–140
–135
–130
–125
–120
–115
–110
–105
–100
–95
–90
–85
–80
–75
–70
–65
–60
–55
–50
–45
–40
–35
–30
–25
–20
–15
–10
–5
0
5
10
15
20
25
30
35
40
45
50
55
60
65
70
75
80
85
90
95
100
105
110
115
120
125
130
135
140
145
150
155
160
165
170
175
180
185
190
195
200
205
210
215
220
225
230
235 

18.52
20.68
22.83
24.97
27.10
29.22
31.33
33.44
35.54
37.64
39.72
41.80
43.88
45.94
48.00
50.06
52.11
54.15
56.19
58.23
60.26
62.28
64.30
66.31
68.33
70.33
72.33
74.33
76.33
78.32
80.31
82.29
84.27
86.25
88.22
90.19
92.16
94.12
96.09
98.04
100.00
101.95
103.90
105.85
107.79
109.73
111.67
113.61
115.54
117.47
119.40
121.32
123.24
125.16
127.08
128.99
130.90
132.80
134.71
136.61
138.51
140.40
142.29
144.18
146.07
147.95
149.83
151.71
153.58
155.46
157.33
159.19
161.05
162.91
164.77
166.63
168.48
170.33
172.17
174.02
175.86
177.69
179.53
181.36
183.19
185.01
186.84
188.66  